0.00285639691128
0.00205721791554
0.0172269169114
0.00203109643917
0.0580165631148
0.000535851680352
0.0900974835454
0.00178304992032
0.11250881101
0.00306376905045
0.120713475029
0.00411433468762
0.126096794425
0.0025025316778
0.107191383348
0.00294175568667
0.0946353879411
0.0210286163584
5.53782024935
0.0307364170936
0.243915464292
0.0184860086485
0.0910714139621
0.000384743819806
0.0369125787861
0.00342680624147
0.0256454831796
0.00617666125354
0.0824238459833
0.00923500891383
0.109538129888
0.00723310241184
0.126042280508
0.00431907393505
0.123243768793
0.00341877670923
0.120363228574
0.00233383180089
0.125838398834
0.00438064148267
0.126329931165
0.00274757188844
0.136492023082
0.000915512454502
0.146985363803
0.0084543718294
0.183685003079
0.0030263379512
0.219942500587
0.0255068551028
9.69362807963e-05
0.000567806819656
0.0142927649816
0.00332048831608
0.0514987549677
0.00787900067537
0.0826856324349
0.0123826433724
0.104873316891
0.0147893067494
0.117449525483
0.0152840080587
0.118201513923
0.0126488209617
0.104033352773
0.00953756141724
0.079864785736
0.0305989141164
4.82393060576
0.0181442519921
0.134990177972
0.02397007973
0.018901455276
0.00962673802782
0.0191574099143
0.0138622996518
0.00666821137049
0.0143764006062
0.00292620148596
0.0154916847326
0.00533547822597
0.00931399072732
0.0013889505032
0.0029990515439
0.00879906512948
0.00405764528399
0.0119561066118
0.0010311542032
0.018546737983
0.00104615873816
0.021049504332
0.00163557998097
0.0191242713465
0.0104142831878
0.0335857712368
0.0280855229055
0.0694584757762
0.041515318458
0.103806283145
0.0701319720172
0.000205898431066
0.00256388844182
0.00779445560226
0.00264861763876
0.0373672593366
0.00777310209404
0.0687051935358
0.0122157564489
0.0942965278813
0.0163937847561
0.108615522184
0.0162747639934
0.10287303351
0.0110764629142
0.06189736809
0.00631535713216
0.0649331394829
0.0261391416341
0.518848791385
0.0229307804829
0.386072148249
0.0135774969547
0.164983335592
0.0017878216042
0.100688553974
0.00780256490994
0.0626216552163
0.00933792994875
0.0362913992269
0.012049985017
0.00846319138481
0.00841496228581
0.00210499006959
0.00654913171933
0.001249668186
0.00274007633413
0.00631352378022
0.00444280774196
0.0105304254295
0.000357881624818
0.0177897493219
0.000118702968687
0.0178677917226
0.0103618699331
0.0371395477087
0.03131114179
0.0771408960355
0.0569662250342
0.12604697689
0.0878180977457
0.000175000289782
0.00352089705712
0.00423515816179
0.00183031488358
0.0241792292128
0.00574532779281
0.0464769179782
0.0102284377587
0.0661883480186
0.0149968629186
0.0712642801416
0.0130834819502
0.0454854906439
0.00757642823321
0.060315134805
0.000220175709111
0.635914015915
0.01880356966
2.46026747587e-05
0.0317954796177
0.483692253633
0.00168692500617
0.294477806868
0.0100048687042
0.206639187882
0.0029856184269
0.12894105673
0.000357023827516
0.0688866524645
0.00605125093934
0.0279753561773
0.0063727368101
0.00892456886411
0.00619202325323
0.00501398762831
0.00941660942453
0.0088300539576
0.0115435228793
0.00889043405217
0.00376800770405
0.0186543601225
0.00444134066702
0.0204308224838
0.00718133602722
0.0385410859656
0.0337293404558
0.0809131170155
0.0666767302723
0.139734764001
0.0961554755616
4.21579729081e-05
0.00456396145035
0.00045709607281
0.00122021225887
0.01342349146
0.00473326724809
0.0291392702278
0.00864601369681
0.036582037331
0.0123349386613
0.0227165154047
0.00913236937376
0.0490878203116
0.000482187860931
0.347442375562
0.00762229829935
7.50100406122
0.00948941945067
0.182922271719
0.0415069632196
0.509138130639
0.0115800798441
0.36623729865
0.023206572266
0.271202425653
0.0166412731356
0.179267777238
0.00901819865445
0.0962258607032
0.000330142787858
0.0361958668664
6.23480323089e-05
0.0216471027432
0.00986633921295
0.0102139552434
0.00928880663549
0.00919145488026
0.00906953036005
0.0155988643765
0.00529898306419
0.0229440239874
0.00360131768236
0.026238689508
0.0107611551255
0.0474203552523
0.0396137287904
0.0932800263542
0.075323226741
0.153620900795
0.106558162452
5.28540561972e-05
0.00507603592905
0.000726918503898
0.000533796206554
0.00554040151334
0.00396019878545
0.0128919691575
0.00802511414375
0.00601959535839
0.0102529114726
0.0370698437445
0.0040890344012
0.20252819722
0.00638672557282
1.49079992144
0.0168594104784
1.21974574264
0.000533532697467
0.26991807932
0.0522642616631
0.52364892907
0.0244000223968
0.395212714971
0.0376325081861
0.309611051961
0.0310125181114
0.214036662081
0.0198360476502
0.121305825989
0.00552917312443
0.0553301104728
0.00111919948095
0.0273398013157
0.00325953996521
0.0262413036099
0.0129432220652
0.0184482832129
0.00881816840033
0.0232901312941
0.00326360566227
0.0330042651516
0.000449210623566
0.0383968878467
0.0181795425302
0.0641128654998
0.050806871275
0.115603015387
0.0897704718422
0.17811284391
0.12049722177
5.91421483556e-05
0.00533783814266
0.00131786856778
0.000620016593841
0.000265530072027
0.00344576260238
0.00275480070872
0.00770359290999
0.027806198448
0.00772666661674
0.121230037094
0.00130501054194
0.554019546125
0.0143692015354
3.13475123617
0.0263796040498
0.810376426303
0.0105703950248
0.296934734302
0.0661716642637
0.514615268692
0.039849647829
0.41136241375
0.0507964526813
0.31857278211
0.0446735631399
0.226479317952
0.0299956796024
0.12571398992
0.0142221217371
0.0572888268862
0.00527414457667
0.0378101879416
0.00335886511419
0.0300472483477
0.00646643186507
0.0300147697235
0.00470873761412
0.0382568078797
0.00129137343718
0.0502813423121
0.00697324984237
0.0536241896375
0.0305173440543
0.0837210901777
0.0669410755821
0.140388407238
0.116492511488
0.21210032935
0.140756519278
9.13067069731e-05
0.00584401183315
0.0034817134346
0.000432788023951
0.00572162864756
0.00374323757908
0.018982065548
0.00790237925528
0.0716893507697
0.00584258385041
0.263917134888
0.00765410783387
2.64292737148
0.0237634128539
1.10565675519
0.0375790541652
0.660074401673
0.0202977362501
0.312535868723
0.0784482711543
0.504676534378
0.0547381148338
0.43005091633
0.0634421318672
0.328387882646
0.0557785034064
0.227515475512
0.0377216453362
0.134325383546
0.0141799808265
0.0682970211977
0.00317467564211
0.0462742557294
0.00278612058072
0.0458143521639
0.005819330109
0.0432206284905
0.00104351720732
0.0542702047519
0.0113795287562
0.0666066582005
0.0209311091834
0.0797732776039
0.0435070204638
0.108795981977
0.0907996303951
0.171412971161
0.148103010136
0.254424372661
0.169570689053
0.000260555891959
0.00581194599982
0.00352406617463
0.000144192259902
0.0107972382289
0.00466648314477
0.0387492886971
0.00778985303853
0.135172442894
0.0031665942383
0.617074551038
0.0151438627235
2.0268208647
0.0337300908788
0.740171493644
0.0498344384083
0.574578093546
0.0310819522635
0.315709212276
0.0962110025469
0.49510989973
0.07315091384
0.432757759595
0.0801443981231
0.332777374821
0.0669581275507
0.226960776313
0.0429851909039
0.135026690537
0.0205148387805
0.0797345144738
0.00550324259682
0.0612705591862
0.00068657865253
0.0604657836907
0.00268450662051
0.0649401055119
0.0101799384557
0.0794986346981
0.0224063554918
0.0960587157781
0.0357293194961
0.108857595934
0.0660477328547
0.141902678839
0.121926101686
0.216766671988
0.186691870461
0.309744667153
0.208149666713
2.55818895237e-05
0.0064381755096
0.00432040862127
0.00133887285715
0.0162909735765
0.00626983311569
0.0669677630771
0.00879011939269
0.251616766294
0.000337582823551
3.83795303159
0.0237547312081
0.886130168073
0.0439473085995
0.592916075156
0.0615847661971
0.515936005868
0.044328022524
0.325793114244
0.110642584597
0.485900469632
0.0919633615846
0.436657280586
0.0971529520716
0.334608522627
0.0739761778501
0.215745232394
0.0522936129548
0.138473827723
0.0215716348746
0.0861741062587
0.0108235412156
0.0761212941962
0.00832083452325
0.0855360882275
0.012502071046
0.0955213293888
0.024840411178
0.113351244274
0.041230802751
0.132326389631
0.061117563905
0.15063467536
0.0958953799276
0.191826728717
0.161510444273
0.28039690269
0.239467162392
0.384605391783
0.260707035896
0.000463070946871
0.00653237067463
0.00588172648688
0.00209783040044
0.0287429350787
0.0082190920818
0.110970382057
0.00928857627268
0.557520506138
0.00461488132137
1.37540377144
0.033167277522
0.619164211981
0.0564264262923
0.515581213651
0.0739522122658
0.476359915032
0.0617157326136
0.330528566178
0.130259148574
0.479620374061
0.11365148499
0.441610718985
0.112886353692
0.332594811642
0.0810438016452
0.205758705167
0.0551330566627
0.143311955333
0.0223570819422
0.101400762079
0.0119077857007
0.0942256996327
0.0160626435256
0.110494589844
0.0301293561538
0.134541503214
0.0480966255948
0.1622058749
0.0673348118209
0.186588230372
0.097602727411
0.214545400606
0.13342707495
0.246736095051
0.221208370694
0.363164037741
0.313018047364
0.490226602558
0.334074128683
0.0001313734003
0.00692190786485
0.0103708410802
0.00408023560357
0.0414033139077
0.0115131915293
0.189945418755
0.0101365588595
4.00771474975
0.00944336817925
0.672961722213
0.0437896042998
0.502177590572
0.0699493075205
0.47382851214
0.09257578827
0.46321130447
0.0772017562895
0.344234816397
0.152068307041
0.492174157578
0.135436472047
0.447625963292
0.129957727095
0.325932618235
0.09026864768
0.209724821222
0.0513746898882
0.147648933184
0.0283060331963
0.125062329405
0.0165288074487
0.133511539064
0.0232124000634
0.150899012709
0.0505923336049
0.190758429993
0.0755961098599
0.223290034143
0.107311819209
0.255731370717
0.148451700057
0.298463385629
0.192680508524
0.338746305177
0.289609771974
0.474678717523
0.40962413959
0.641185749528
0.437488248018
0.000392498388475
0.0063486594871
0.0174195950899
0.00596052863089
0.0765420662315
0.0186455373867
0.42259403276
0.0110039241794
1.06592015379
0.015359243986
0.484790865895
0.0565177078203
0.45089853151
0.0869223108201
0.461789787594
0.113013872675
0.471891182593
0.0987045581375
0.368069776691
0.181561053107
0.513860023083
0.16371865662
0.462208988053
0.145493296795
0.324483139844
0.0950685375366
0.2146302507
0.0527987844978
0.17090622051
0.0302327098354
0.165988240197
0.0232836045869
0.180069237331
0.0486672429511
0.226288349168
0.0732255048029
0.266185580229
0.12089728942
0.315604962431
0.152206734177
0.33811532166
0.213694253296
0.39373956747
0.269879472883
0.446845356453
0.381907396714
0.607041632766
0.53928715024
0.86098690924
0.592174643212
0.000684513539599
0.00533131059932
0.03195002546
0.0104878366884
0.151447667079
0.0236449017452
3.93069098764
0.0120495858095
0.552485258908
0.0221675341664
0.411279203795
0.0713798195193
0.443976010899
0.107538273166
0.481300174282
0.141768041718
0.509804439597
0.129703138604
0.417059503417
0.217178160188
0.567047181307
0.196027417294
0.490875344154
0.161419636296
0.331262151465
0.0946752586034
0.235615923248
0.0512499853596
0.213123073064
0.0353833288087
0.238127721784
0.0384203589612
0.282111772755
0.071310752844
0.328508001603
0.1164292835
0.365924465581
0.178671810776
0.40303864335
0.218773067848
0.402110839388
0.289810870835
0.456920251318
0.362569798417
0.541923156825
0.493421830717
0.765527718014
0.696046528599
1.12467378983
0.815017500066
0.00185041806881
0.00299849476355
0.067634418145
0.0178097802577
0.380993912205
0.0316046269997
0.849913703105
0.0139361364206
0.429480477395
0.0301634280231
0.414597076681
0.0885912465616
0.482904801498
0.139122077008
0.547503213148
0.182755980977
0.595610875035
0.171169935939
0.506072882081
0.266765427279
0.659647205214
0.241016041872
0.562232523763
0.175152822462
0.379581098884
0.0882295953394
0.292759729459
0.0456614553948
0.307723333545
0.0408495433064
0.369090760435
0.0566299614192
0.371870895297
0.123983488661
0.338040273292
0.183387359975
0.263181116733
0.263705561112
0.246265792459
0.306217412768
0.218127426856
0.370238014964
0.262970307699
0.444011374222
0.378425519029
0.59877088409
0.717808890954
0.858012183077
1.26980074613
1.08191862951
0.00431973335537
0.000264673893107
0.166209989954
0.0300277296873
6.8557957224
0.043368299596
0.503074551951
0.0209347614124
0.418769910291
0.037403878733
0.478120887595
0.118039874622
0.605385008355
0.184134941346
0.718462853125
0.241056171529
0.78978542644
0.230943105774
0.676829849324
0.337388917081
0.852962748523
0.295918858933
0.682126325743
0.192726729417
0.489688845732
0.0814487475151
0.459439088583
0.0350600088755
0.449986520597
0.0498554177632
0.283375042915
0.135638350454
0.0823869763551
0.235065448439
0.00971294113533
0.294378864131
0.0214952488044
0.316620279103
0.0312082674189
0.330951053831
0.0271767181847
0.319366133505
0.0434714655887
0.349326711936
0.00942068935106
0.515737269824
0.275668627323
0.852691762735
1.11971959351
1.17985392076
0.0100572889001
0.00166490511109
0.558495435915
0.0499828746671
0.805014513733
0.0650042746789
0.467947930515
0.0362061768736
0.539856255101
0.0426172632858
0.726317149
0.155239413598
0.964185935085
0.253859824984
1.16481487429
0.332188811946
1.2799414736
0.324008464977
1.09382356867
0.438543348594
1.30247346948
0.374118153086
1.03106342714
0.184436012226
0.729264300808
0.0576048953972
0.36655193846
0.0873078264519
0.0188757335232
0.227031425605
0.143198856862
0.311485709838
0.0555806087437
0.257847749518
0.0194932149474
0.169154861263
0.0579365951926
0.0363855488212
0.155560245817
0.0794914088888
0.251975525403
0.208158087261
0.343819189734
0.255154469904
0.381108714503
0.0309281952906
0.229291055365
0.563643650486
0.523932251379
0.802861014125
0.0279315179548
0.0106733713014
16.1668567453
0.0887669571206
0.647222398794
0.117963998326
0.675827857
0.0837710104284
1.10617327781
0.0343887581662
1.34170966401
0.214279018481
1.31996192674
0.359260739931
1.4551805068
0.467321656139
1.72385152059
0.468923209476
1.40692374937
0.583555479712
1.77961865622
0.471086612991
1.06541801388
0.190588722865
0.0602572534551
0.284909680761
0.171787282934
0.367533982022
0.0181008902574
0.222032967834
0.166803928063
0.0157815951288
0.0993577507218
0.227576746364
0.18651558866
0.535725759243
0.518214945271
0.914319394084
0.816341178101
1.16672511235
0.999411982408
1.56246163337
1.0356104755
1.65069710026
0.927633845686
1.54699018371
0.661373948171
0.0166894568878
0.0861010557985
0.206955622309
0.0834416098347
0.081654476957
2.4824868775
0.168730671804
0.972922809867
0.266945739037
1.76284281434
0.275425350232
0.242487317093
0.0998405634585
0.307637797889
0.382517723853
0.31139283074
0.453829240731
0.266638084704
0.559227057433
0.186459497679
0.608018785212
0.161429915515
0.650887517882
0.132381825844
0.635188697098
0.183762506733
0.653800573884
0.223425324042
0.447513294681
0.656366466735
0.107502387621
0.561416733757
0.202488641751
0.0699615250768
0.678479451079
0.83755448447
1.3660128974
1.73598782009
2.14975675108
2.43448410766
2.76542883728
2.98419365006
3.30755797803
3.21882618843
3.96425278065
2.72778584714
4.05741876361
2.07918030788
4.32879338901
1.12097548976
1.1510645484
0.528334910081
0.250522555165
0.661127845774
0.314538097077
5.36732918108
0.40159671669
2.94703316956
0.970864404116
0.251787652315
0.440353604938
0.151493058322
0.152141052313
0.123510274098
0.850031421259
0.749286569989
1.44761421807
0.921833556312
1.21755650776
0.768226525182
0.638303996062
0.593849342789
0.681218209529
0.487829020348
0.318687731506
0.18526845808
0.370189374695
0.243713973127
0.172092694623
0.26850758068
0.446969962928
1.94498960066
1.38707362391
7.48522029303
2.71807073694
39.7388927934
4.45532498461
596.622519458
6.07933231586
80.4280768797
7.01710472113
4294.99139678
8.6584351285
32.8673628357
8.92112989903
12.4770026395
8.63122835901
7.14154678885
10.5527674076
1.94119620105
3.78740046302
0.812478361634
0.561457536637
0.575076434083
0.568104648688
1.51021064332
1.36499157699
0.481265955474
0.550482262057
0.655073156746
0.817870571144
0.387080141136
2.31401788845
5.89397777206
5.77661501153
11.9030075337
8.81350148956
12.1883495929
9.2281796113
9.43900289187
7.50030089168
10.728302254
7.91739707218
11.7863054992
7.17168824476
182.6713702
8.16209418654
12.4236471763
8.78106058626
5.51914292764
10.047425429
3.43672496814
17.0142569842
3.07969689547
24.5063579959
3.07402210931
47.6175573274
3.57270782354
48.1533287288
3.86578856949
79.9896725892
4.42136199242
72.488465554
5.20423098009
53.0016495444
6.14713985069
39.5880893293
7.47803274936
39.0115131697
7.90298229904
12.1330075929
1.18918381678
1.20962956259
0.15733355273
17.9660538832
0.863223340571
0.293211067168
1.60808266488
3.19086782129
29.7182631693
6.26875827284
18.8806102911
13.4834218273
11.2961158673
29.1576209701
11.6249699986
49.7169337113
14.2149990836
52.3267087097
15.4907063975
51.8114411626
13.6614331423
74.1014616863
10.1809083893
290.403613412
7.65321800108
86.965594691
5.54003253929
32.1638156489
3.98779629936
18.0535935471
2.92136991369
12.7381368689
2.41963182632
11.858222971
2.16335903885
11.5642426635
2.05966407475
11.8329626872
2.11400872087
12.7565897933
2.18441768472
13.1960559439
2.17966411433
13.1507551365
2.09390283839
12.4221171361
1.51681707779
9.45149619573
1.13628582551
9.09176535282
5.39763867877
32.645676061
0.202886769
68.5500150247
9.7489248061
9.10496834401
71.1590550752
23.6534955472
15.1747480115
74.1423766039
8.4230528306
220.32468832
6.15820161708
65.2214304777
5.81152903397
54.5876420894
6.25287740084
56.9063573027
6.60052882193
51.3199030745
6.70158289234
43.288047091
5.93600739427
30.6746100468
5.45102708129
23.0339160913
4.56066833349
16.869832267
3.87448053492
13.3861831561
3.05187651844
10.1046250028
2.31146682096
7.70934742619
1.94028765276
6.8434743065
1.64112519726
6.23510932138
1.48435500891
5.92379881616
1.3361562868
5.47379427564
1.23028373496
4.94084750132
0.912575995619
3.2513538996
0.522247405506
1.68203741547
0.260606509597
1.46443842047
19.408327325
12.0751343436
0.0896073019461
81.8439428
34.7081928823
36.5453407586
14.9832820601
285.420692387
9.92554232888
85.4673446365
6.7660070741
38.1046494807
4.99543140218
26.2946524534
4.36866412124
24.7435635082
4.23847579753
23.9781010874
4.37248702724
23.2965248621
4.62806655025
22.6888656942
4.43957523805
19.7415527802
4.40039898889
17.6220260428
3.98108730262
14.4628261995
3.57808071598
12.0601277379
2.95764745013
9.3912507794
2.35122547285
7.26086460858
1.83548532671
5.68029084576
1.46642401457
4.65932263638
1.09245223359
3.60655612738
0.888303023107
2.99489026304
0.71602011587
2.16865983237
0.42144027566
0.323748959968
0.0506779205083
3.63186715976
0.6314951482
0.777165431809
17.1932079656
11.7939746233
0.0505040697022
62.6910681381
10.537536716
93.5969777277
8.1620448011
105.312825717
7.00159500368
46.1677532486
5.5139326991
28.6384461391
4.36814261333
21.2913358199
3.66118695586
18.2422182135
3.34301879432
16.9734802302
3.32066368835
16.5951329059
3.52858750162
16.708124318
3.55488896499
15.8078229544
3.5726707893
14.554004467
3.39503369753
12.7502764892
3.18495939515
11.0084075214
2.77108183294
8.96864273749
2.23675982322
6.90239544633
1.75961927255
5.23762834122
1.27757851617
3.73274780611
0.888608746525
2.56608222369
0.577670570219
1.65577303932
0.326855916728
0.614413679465
0.0730631628787
1.48964801377
0.219007876525
1.19750122581
0.47222180477
0.20238980282
10.1546304623
9.74231675757
0.0305633464787
36.1800346586
5.17043877416
172.459392554
4.71224979686
54.9001736273
4.82523674181
34.3178075413
4.3269367385
24.3412740372
3.71343161348
18.8654368689
3.16340424952
15.5527909075
2.83600884232
14.0857400229
2.70318987721
13.4468200279
2.84785049168
13.7451616185
2.8945689684
13.2320364393
2.98621955108
12.7781697789
2.88624416658
11.4444319449
2.82902050956
10.4370379832
2.55457065318
8.73961059707
2.11784755173
6.79824920868
1.66830441906
5.00097080673
1.15662406172
3.22045371501
0.671764435454
1.79585279108
0.365387340392
0.755927399551
0.101268799232
0.540340270385
0.0792912425414
2.41434254833
0.592840243816
0.0442341832431
0.420821000551
0.659406836959
12.2874539251
8.82169130593
0.0189798609861
17.1965428923
2.65864619024
115.808925958
2.60475459575
37.1741832759
3.12430540035
25.9772295522
3.1982332905
20.502619959
3.01844589511
16.8448295389
2.73774901396
14.3185688184
2.45771147843
12.5061780078
2.30911608461
11.813284637
2.38133458955
11.9008099128
2.45214228478
11.843995124
2.50564100144
11.3683466375
2.46590876819
10.4683886829
2.45803616215
9.6999338098
2.26147390285
8.20232675047
1.86364741994
6.24846382393
1.48410799051
4.56900641477
0.993572984903
2.70365767126
0.510170374871
1.15238644001
0.135700487829
0.00930549669531
0.0681390821307
1.75289799813
0.228603753793
0.902888538621
0.389160880691
0.563546107641
0.0688433595356
0.266846424933
18.5316277785
7.44042665902
0.0135785623446
6.57222568765
1.18983813561
37.9553786242
1.24732780045
26.0273596828
1.82562792323
18.9253223248
2.17630961419
16.4085168
2.30389524974
14.5830069949
2.26485909469
12.9901824753
2.10169070862
11.4124733549
1.98880578472
10.6646133575
2.04054344908
10.7529134723
2.08357413519
10.6589358486
2.10584513255
10.2172133554
2.12635520735
9.73333688505
2.08947964024
8.8625803347
1.94055063203
7.53419466571
1.62558796214
5.82449457226
1.26795599074
4.07318156311
0.819669164663
2.20158434184
0.345892897616
0.469433228207
0.0458479047395
0.855861529688
0.13412019578
2.77098629499
0.631770716176
0.129466333126
0.152463193334
1.4684335518
1.42862483236
1.70294073339
87.8326153467
8.23613426976
0.00789749955295
1.45609416036
0.237524323181
9.46364706917
0.348705209328
16.9580718841
0.877716226765
13.0902672633
1.32122434147
12.6366624416
1.63347101451
12.3382572451
1.76603311275
11.5251583427
1.76884403408
10.6458522664
1.71707210254
10.0014940644
1.76745083571
10.0407748175
1.78615758545
9.84868124661
1.82453870215
9.67823742623
1.82136224166
9.20165586387
1.81393683983
8.50309131185
1.7430966498
7.49279231848
1.41966251409
5.50734563822
1.04590067375
3.55705977999
0.599752917813
1.60689668891
0.161107938529
0.343948705875
0.214489202104
2.33135987116
0.0803742057737
0.958716507491
0.165664163754
0.745873310984
1.72505974088
1.61739167756
114.865335595
2.55276699127
8.97374182513
9.30591167352
0.00585404811757
0.6793196326
0.422902095205
1.08622245206
0.252120858513
6.99432892682
0.171562783875
7.31641621915
0.606550639785
8.53971110358
0.995399577699
9.54732909731
1.25601619935
9.78752518717
1.39541515324
9.68537081722
1.45554128099
9.59314351933
1.51835102694
9.6082900295
1.54246826028
9.53778662149
1.55566130973
9.27721260217
1.57431997572
9.0812088488
1.58185207113
8.49883309866
1.46822829864
7.15929019129
1.21092357513
5.28875940231
0.860996534156
3.13988245496
0.393570331644
0.931693710013
0.0459287024904
1.50699878648
0.338949459898
6.14738187939
0.730294276782
0.318327211479
1.368059182
1.33399506475
64.0893292435
4.81703961154
6.35203732264
11.8258690495
5.47509572173
25.7058823635
0.00568534073046
1.39077607967
0.912027107013
4.49304318162
0.66061813646
23.5867812475
0.336843846025
1.34344009126
0.0449696883043
4.46456116857
0.434199204242
6.53236406846
0.76938947421
7.87576743542
0.991095232258
8.47761521992
1.15157131256
9.00227960913
1.25667277717
9.31653625595
1.31342993332
9.50617048536
1.33452156192
9.38411498008
1.36055092152
9.51406468397
1.33742852232
8.66719541856
1.244434981
7.43647890951
1.04289953065
5.55715222245
0.705911181475
2.9090788042
0.210679524445
0.140621627851
0.194462048382
4.29160859147
0.520913718775
4.03593721307
1.21586025209
1.46109204457
26.9876562414
3.49708282669
2.83344189321
8.7913774217
0.488658286814
53.342739991
2.38769042294
178.362986443
0.00224655231297
1.48269527072
1.29276482821
5.12947441815
0.946303386696
33.8357524736
0.698649047099
6.26274740101
0.395396618729
0.0476066643335
0.0454091405171
3.14149670096
0.300032605414
5.38279273671
0.585478774297
6.93832331
0.80514063265
8.10876018761
0.999504900321
9.43121862008
1.08325336276
10.1802439794
1.14799102127
10.8953582837
1.18535976424
11.6164939629
1.20718117556
11.77592019
1.14897571742
11.0500843706
0.914084967875
7.61497858086
0.567296003905
3.24677620502
0.0700501279695
1.63929439864
0.469753071644
12.0273156056
3.03557946955
1.89893630355
18.7976319888
91.4065568424
21.6575997394
172.721283155
16.3056546441
41.9241728091
10.4562991051
9.12491121225
5.35124654072
4.21627645597
0.00291707344514
1.33467599991
1.62395673655
4.7575663256
1.15403574297
18.0033238384
0.957533535011
23.4456762159
0.731013806994
5.93322417898
0.444109042236
1.01644829109
0.12440714713
2.25403291665
0.178266263975
4.85051437437
0.463125116781
7.47228680554
0.68018216315
9.35094803127
0.849478961652
11.9778618046
0.928364222359
14.6722221865
1.00948507855
20.811990084
1.06539644354
30.8300460875
1.00151655666
44.3214143037
0.836160825492
200.232875546
0.530946465576
10.380714163
0.0149815671363
3.74322901728
1.12920473841
93.6946595043
0.7127311472
0.799739159381
12.8521054697
24.8738411209
26.5552232833
97.3409329726
27.1099470488
86.1558454128
23.0534723298
66.0819258704
16.5293252025
55.2890823176
0.00444514722515
1.12055103817
1.9509671574
4.03847527414
1.31372304881
13.2298111938
1.14417017683
5775.50837801
0.985918884832
18.0188060745
0.770218730724
7.43090713808
0.499734274296
2.46986665174
0.208583030295
1.56591310219
0.0837527420757
5.5058814844
0.348286714849
9.98571708478
0.555349181323
16.78124139
0.700211978769
50.0187303749
0.84075447976
40.6231231091
0.913931411588
17.3158648912
0.937136472009
8.22090954058
0.906046723382
3.62071026498
0.799720075327
0.916804601282
0.433676310833
0.0497926517396
0.220474145183
22.9681586928
0.93117475031
0.689274431296
3.55641562704
18.8239729037
16.7405785389
63.1811908113
25.7699975316
85.5470167461
28.7100844148
89.758387503
25.852562009
94.4864440191
0.000694046740773
0.910747985041
2.36461832153
3.2726142277
1.44819881391
10.1129483959
1.28403438738
32.5773822959
1.18035304381
162.691455634
1.03224910535
26.8168677895
0.822810363641
12.8092490165
0.571091904088
5.73386028227
0.289873999439
0.721690602114
0.00687156978509
16.2468538466
0.245233415193
60.3760288392
0.437313557925
13.7081657298
0.634158195438
6.42884407608
0.803747690055
4.42607886284
0.960796228879
2.69612550659
1.2083324174
1.53354297623
2.96772102284
0.856984330647
0.597664910992
1.33053822382
0.321536287472
6.96958813039
1.89522684105
1.8118146346
1.8795557071
3.47969659299
6.85070040086
34.4092528257
18.0294492176
65.4000263754
25.8260520034
83.5275268739
28.8186995068
101.986834924
0.00132506548586
0.729187892858
3.06177248666
2.59070466138
1.5716153675
8.01416432026
1.39811192934
16.4185856675
1.33151710822
36.4644744122
1.24256231898
123.84087348
1.09631665969
236.210515398
0.895976564234
159.935488243
0.646705853219
154.083544551
0.37215682961
2.44630095451
0.107073312392
2.93909242173
0.134723571018
3.06025096799
0.396585395406
2.45819460383
0.669477046144
2.03492205018
1.08952334218
1.45086623826
2.69513942503
1.07622555918
1.86579606007
1.0355072807
0.599641405637
2.47007773309
0.575280811585
2.73970089671
1.76659397606
2.14016792751
3.34409208998
3.01174937088
0.397251087546
13.305852455
9.53460225814
40.8893086332
19.3273171726
67.0759430656
26.4253018064
90.8013423145
0.00142496784755
0.577962800199
4.6804147498
2.00964090626
1.6950590414
6.32789299636
1.49561625537
10.4291731576
1.45508581872
16.1469196307
1.41242533071
23.2444528584
1.32571080398
27.1890161018
1.18117581056
24.1963819749
0.976170417037
14.9481618553
0.730647963094
5.44400798148
0.466214393273
1.20804383623
0.20484802274
0.471587067112
0.0889261239314
1.01202209011
0.476054538982
1.12445294911
1.4547830455
0.972250774601
11.1122346562
1.0015572495
1.09740749331
1.3320929193
0.690764145546
3.05777853624
0.696766892429
1.92633331818
1.52466944681
1.99317261412
3.32633091714
5.06330800216
2.61294430576
1.82918549069
2.98836499922
20.532508514
11.565607044
44.4395595708
20.6817165544
68.7846808345
0.000380771434109
0.45508255105
14.0895138279
1.54244844716
1.82758269713
5.0215287143
1.58225569465
7.72745259007
1.55953809069
10.2206456051
1.55117675943
12.9841065042
1.51349023789
14.6112498338
1.41987180569
13.8706861191
1.26939157095
10.0887541043
1.06943041061
5.57787724571
0.831563295787
2.4402485668
0.574876065786
0.655808107256
0.264957046134
0.216920585238
0.217827025288
0.629343510628
2.19472747036
0.801262059514
2.15363515248
1.00751605244
0.953629901993
1.51368447845
0.768144418264
3.56830325566
0.833396949935
1.48476093377
1.33089596465
1.67064478791
2.81920097286
5.06322327368
3.60621196882
3.48371719618
0.928094802841
7.27541702371
5.2974984261
25.8149318819
13.9849839235
45.7790982611
0.00167322205329
0.359379398634
9.43481689566
1.18038526699
1.98825427378
3.90545204949
1.68045300324
5.67756314652
1.65783470734
7.10168311969
1.67021694789
8.85740295203
1.66941131647
10.1073790225
1.61745270264
10.1769074082
1.52043255235
8.25567008527
1.37656909738
5.37672517228
1.18013752777
2.96807275551
0.959117470745
1.22514407696
0.678177767517
0.247877154014
0.22069068651
0.375944408859
18.6942082222
0.67891792613
1.36995270831
1.03774163141
0.941917820169
1.66066791135
0.860015344683
3.62585748884
0.944802638401
1.3971431276
1.23540625639
1.38727015792
2.33200602803
4.39886291175
3.55834269089
5.23899661582
2.85144754698
0.349119675777
0.982799848724
12.5091174665
7.78499190979
25.8310297037
0.000162268063632
0.283462471252
3.00237635803
0.901227787037
2.22602257617
3.00825608564
1.7818990457
4.35126763205
1.75561696954
5.24187742765
1.77910300215
6.45502058887
1.80276429079
7.55570483816
1.78729861718
7.8467949639
1.73718391255
7.00990079343
1.64456019527
5.16336240331
1.5098013862
3.12639787864
1.34562920223
1.54230199748
1.14030386704
0.523320441864
0.807052505612
0.158199901041
2.2580815166
0.619425974527
1.10621695746
1.06863317821
0.950713625785
1.82350161622
0.925656848848
3.77538286724
1.05057787644
1.46686484188
1.21171391521
1.20516063612
1.9885990864
3.62715878975
3.19370482819
5.28967233684
3.60647991814
4.0949750744
1.72328700623
3.38594001232
3.02411887779
11.5870256517
0.00110827903144
0.222505020678
1.60583051278
0.687561948242
2.58521565166
2.27495475782
1.91006860151
3.36032436417
1.86426573535
3.98300611795
1.89347871065
4.84447087503
1.92658823647
5.85627676454
1.94208775955
6.27354369273
1.93078337519
5.85382698335
1.88901341725
4.65655825109
1.81326434544
3.11496241152
1.71904579863
1.72966708063
1.64362597153
0.701426199079
1.75710845007
0.0334532531623
0.7358798165
0.572935921806
0.962778424144
1.05440383287
0.952689021492
1.80339264483
0.978598060509
3.47090618567
1.13584594831
1.61051329465
1.22000191918
1.09111717593
1.81886845812
3.11298941317
2.8908459913
4.95850337581
3.76057687099
5.60208272823
3.21277992142
2.03552245269
0.370566896284
1.97201824366
0.00107395730965
0.176428202134
1.01508420868
0.524106958005
3.2710523388
1.69517855097
2.06558648098
2.60372947718
2.00005966173
3.04826425882
2.02074650512
3.71638813668
2.05383802428
4.54869803602
2.0851962715
5.07505970515
2.09537021315
5.03207341006
2.09424404928
4.26806213961
2.07871684636
3.03407070282
2.07354002533
1.80721219141
2.19440947259
0.81326618242
3.43819441824
0.0664933707829
0.265827730827
0.517420146196
0.874613307029
1.074640885
0.969366196928
1.81043501382
1.03123958751
3.39448167945
1.18223831245
1.70175814251
1.23809967496
1.04813480692
1.73879854306
2.72004686923
2.67161567399
4.49428489043
3.67683379814
5.95649486755
3.9658088813
5.0308948829
2.60784748458
3.95715175605
0.0012052432537
0.139747855157
0.690434208615
0.400788934292
5.14253448611
1.24741415355
2.30583125201
1.98561058302
2.17430604242
2.3558905749
2.1738092308
2.89424080951
2.19380534437
3.58038782927
2.22594298385
4.15679720323
2.25648230555
4.28676380186
2.28897936652
3.81365218661
2.33396485531
2.87244973445
2.43296427755
1.8049047284
2.76854913165
0.870681676385
7.67261986838
0.134303349139
0.060986103081
0.465242954891
0.80838413873
1.04394054842
0.98346516515
1.83860294399
1.06653335268
3.20132982905
1.19661945312
1.69625017233
1.26039418396
1.03943768109
1.72449075904
2.47640552146
2.56380637107
4.10108324617
3.59727420927
5.93231689948
4.32135330089
6.53572917107
3.9884415052
7.2887451067
0.00251667176806
0.114289279872
0.502029105939
0.305191929069
23.4569475182
0.901697907046
2.7150859555
1.48789993497
2.4520317027
1.80753123992
2.39816227791
2.24820716027
2.37497003185
2.83302868615
2.39606583397
3.36962370504
2.43473549533
3.61458993486
2.49334235522
3.35036704303
2.58208615238
2.63524903225
2.76281289965
1.7567032237
3.43636704057
0.892626115132
27.3331599113
0.166941242774
0.0108814031402
0.425973563027
0.753831683088
1.0059986163
0.968391986016
1.7732616205
1.07612149007
3.02294687128
1.20273302223
1.73451276445
1.27977003366
1.0519602253
1.74573799878
2.36997449981
2.56500293417
3.93570802531
3.56536242879
5.7848649012
4.50843407221
7.25600984957
4.79929112848
9.02551330661
0.0019008371071
0.0914172723615
0.366177755207
0.229501345296
4.85054371743
0.639347969161
3.566171164
1.08840576163
2.93633138988
1.37369349437
2.72069207435
1.74831388579
2.61714936911
2.23907476228
2.5936588576
2.73416537899
2.61994867722
3.04306489084
2.67154396471
2.96355415191
2.79396474797
2.43931365861
3.08120756169
1.67520125215
4.10888883264
0.883955497523
29.1003817595
0.185446432222
0.0794088071341
0.414882977879
0.714706058061
0.959358740871
0.941783407598
1.66011028647
1.05852653734
2.81405683373
1.17563068997
1.63132676989
1.27657635526
1.0541546073
1.74904042928
2.30272759997
2.56369618786
3.78454191105
3.57505633295
5.67024754936
4.58077369709
7.4586589695
5.24269230371
9.78736740113
0.00232528848169
0.0740024467437
0.280500761489
0.172654092252
2.09146815566
0.441043074681
6.09164714474
0.766078922992
3.97100153994
1.02478872138
3.25259903227
1.34572680794
2.95728809227
1.76709566953
2.846402541
2.22482070547
2.82296060119
2.55672664911
2.89044014707
2.57248968084
3.05799323957
2.20645965725
3.43554248768
1.57163620103
4.86138680378
0.852936435663
9.46229581145
0.187611452857
0.0764313173893
0.394895021885
0.691211238415
0.931818323738
0.9247398614
1.59332289978
1.03066449829
2.53340194626
1.13453903997
1.53986200392
1.24897030403
0.996626875458
1.73040874195
2.24253721357
2.57489891088
3.74687390147
3.58323827597
5.59724850542
4.6128925524
7.53364262514
5.47228626878
10.0477572842
0.00652346504599
0.062281245012
0.22917377065
0.131206157042
1.16839382623
0.296207537228
186.74392768
0.515754960191
7.57839669893
0.745460211826
4.46975249389
1.01850483002
3.53138144692
1.38012257651
3.20136113131
1.78381573458
3.10557020401
2.11489598592
3.16408089293
2.20174510893
3.36409610374
1.96359957388
3.82586253055
1.45277091779
6.10761646288
0.806127662562
6.03268622219
0.173457156951
0.0589456179895
0.381455552778
0.670758140387
0.927954921141
0.9066877367
1.54260862044
1.0035696829
2.39516719945
1.08426445832
1.35955725787
1.22300558096
0.979630886811
1.6995110963
2.17601236266
2.51403013889
3.5778424853
3.51096698618
5.39367068159
4.5661969787
7.42605667706
5.52407759258
9.97144512717
0.006262873786
0.0546395097899
0.20366074533
0.102196546985
0.745157676708
0.187955944274
3.84380516926
0.328482547104
21.059606355
0.523404539918
8.95890449479
0.753157630715
4.58783734058
1.06266079072
3.70491961312
1.42181120989
3.44800359727
1.73956309166
3.47144590359
1.86712844283
3.68080987687
1.73161167726
4.29184263422
1.31519217237
8.03543161855
0.744795874093
4.24355702987
0.154098596067
0.0392398815418
0.387447624444
0.658739021377
0.899649818627
0.890365500545
1.48261215108
0.974320401793
2.20281762912
1.0474459785
1.21979247783
1.20058591573
0.94689977069
1.65732555677
2.07562504036
2.43150547264
3.39760011171
3.38592272262
5.10953394872
4.44354804371
7.17144014563
5.50104320762
9.79576819087
0.0163844483172
0.05363144206
0.193459852881
0.082953800546
0.517830897854
0.112428138117
1.55585988457
0.187343597412
2.65635255328
0.351622504841
13.5908044361
0.540043218329
8.07359165278
0.803227047568
4.59595738778
1.11668951645
3.95278990504
1.41004684315
3.82809233449
1.57013503891
4.07651364023
1.50146119624
4.8610816063
1.17299476828
11.1127082543
0.667359524571
3.00596328424
0.12961446171
0.00702473860533
0.394356068695
0.649257170186
0.882036624543
0.871372970814
1.47984950401
0.942002153474
2.07512882283
1.01375733078
1.09781592761
1.1740429073
0.948240531795
1.61677742981
2.04344033858
2.32236129113
3.18115763406
3.21666012946
4.78516386699
4.31308504278
6.94954446371
5.40059582538
9.61202716067
0.0149149162691
0.0586679112511
0.205141524516
0.0746390506777
0.418554431659
0.0612448841564
0.845006006376
0.0861030031343
1.05639610838
0.219926352115
2.52765486072
0.373721160604
99.3639008332
0.591173385868
6.88701201618
0.861276478956
4.66929022944
1.12839860954
4.39937926787
1.29578271199
4.54425193296
1.28338692552
5.59791717446
1.02832940467
17.4595890509
0.582730498041
2.27150434633
0.089928310817
0.0679604568713
0.411435457942
0.649596772732
0.86885388123
0.848826349066
1.44209192658
0.917363829158
1.90060553668
0.97449224182
0.944176893161
1.12799569682
0.897064765988
1.53775696689
1.95964639001
2.19372246953
3.0130329563
3.05433425716
4.55227629302
4.10171648343
6.62074837715
5.18359072084
9.32882890141
0.0806262961885
0.0753263146798
0.126679500128
0.0813901122704
0.290342724158
0.0340650351428
0.499743990948
0.0183774025021
0.537091395405
0.124055525531
1.18485263569
0.245200397861
4.78640557531
0.422401739287
18.6040108318
0.649550464627
6.60297470118
0.887644501944
5.32343667007
1.05838290123
5.44047195515
1.07617606302
6.93085501079
0.881591071626
72.0914770735
0.499017385016
1.93368768099
0.03923013736
0.114343161683
0.433425007562
0.655127056139
0.868022834041
0.840328739061
1.40963022221
0.910557278314
1.86853225442
0.957220659461
0.800874212769
1.107251669
0.870849018659
1.5001087766
1.82366979739
2.1288276694
2.77168316564
2.97051302193
4.20353824309
4.0247630181
6.23999146086
5.08440741748
9.07030343605
('Max integration error: ', 5775.5083780100058)
('Average integration error: ', 19.384581239507064)
XXX Delete the old database...
+++ Create a new database...
[Warning]: batch_size cannot be divided. Run on 1280 example instead of 1275
<<< Run 1280 iteration
>>> Training without Reports (Fastest mode)
>>> Saving test model
